[11976604.849361965, 665174.1000131887, 890953.0205818897, 1012456.9353902733, 1362136.8966802966, 1018791.3485135054]
[665174.1000131887, 587091.1054138222, 375937.40280830074, 365223.0568503284, 422225.4418808444, 409941.80981625273]
[890953.0205818897, 375937.40280830074, 815880.4705214017, 453734.08761454513, 561704.731732843, 532199.3807741647]
[1012456.9353902733, 365223.0568503284, 453734.08761454513, 1461506.6977131655, 670382.7277196252, 519941.9542598914]
[1362136.8966802966, 422225.4418808444, 561704.731732843, 670382.7277196252, 1635451.1723902768, 611186.544718323]
[1018791.3485135054, 409941.80981625273, 532199.3807741647, 519941.9542598914, 611186.544718323, 936157.6036158567]
