[29234.752283540518, 13667.905724084314, 15781.752998404489, 12015.483437912397, 13638.581627265627, 15187.811992763993]
[13667.905724084314, 50416.793567970366, 21623.330564362688, 15106.455324806118, 17215.181038015427, 16438.62492946666]
[15781.752998404489, 21623.330564362688, 51713.847382068205, 17950.585959844142, 24403.78896438175, 18830.48159461308]
[12015.483437912397, 15106.455324806118, 17950.585959844142, 50607.5452654388, 15277.994972600225, 17213.612935964018]
[13638.581627265627, 17215.181038015427, 24403.78896438175, 15277.994972600225, 40251.99971024713, 16537.43837593441]
[15187.811992763993, 16438.62492946666, 18830.48159461308, 17213.612935964018, 16537.43837593441, 36497.889455577046]
